[成长配置表---第一个参数0不要动，后面为每个功能显示的IDX，依次往后填就好了]
[圣战套装]
0|60001|60002|60003|60004|60005|60006|60007|60008|60009|60010|60011|60012|60013|60014|60015|60016|60017|60018|60019|60020|60021|60022|60023|60024|60025|60026|60027|60028
[纵横套装]
0|62201|62202|62203|62204|62205|62206|62207|62208|62209|62210|62211|62212|62213|62214|62215|62216|62217|62218|62219|62220|62221|62222|62223|62224|62225|62226|62227|62228
[王者套装]
0|60101|60102|60103|60104|60105|60106|60107|60108|60109|60110|60111|60112|60113|60114|60115|60116|60117|60118|60119|60120|60121|60122|60123|60124|60125|60126|60127|60128
[赤焰套装]
0|60201|60202|60203|60204|60205|60206|60207|60208|60209|60210|60211|60212|60213|60214|60215|60216|60217|60218|60219|60220|60221|60222|60223|60224|60225|60226|60227|60228
[传说套装]
0|60301|60302|60303|60304|60305|60306|60307|60308|60309|60310|60311|60312|60313|60314|60315|60316|60317|60318|60319|60320|60321|60322|60323|60324|60325|60326|60327|60328
[雄霸套装]
0|60401|60402|60403|60404|60405|60406|60407|60408|60409|60410|60411|60412|60413|60414|60415|60416|60417|60418|60419|60420|60421|60422|60423|60424|60425|60426|60427|60428
[苍穹套装]
0|62301|62302|62303|62304|62305|62306|62307|62308|62309|62310|62311|62312|62313|62314|62315|62316|62317|62318|62319|62320|62321|62322|62323|62324|62325|62326|62327|62328
[乾坤套装]
0|62401|62402|62403|62404|62405|62406|62407|62408|62409|62410|62411|62412|62413|62414|62415|62416|62417|62418|62419|62420|62421|62422|62423|62424|62425|62426|62427|62428
[雷霆套装]
0|60501|60502|60503|60504|60505|60506|60507|60508|60509|60510|60511|60512|60513|60514|60515|60516|60517|60518|60519|60520|60521|60522|60523|60524|60525|60526|60527|60528
[强化套装]
0|60601|60602|60603|60604|60605|60606|60607|60608|60609|60610|60611|60612|60613|60614|60615|60616|60617|60618|60619|60620|60621|60622|60623|60624|60625|60626|60627|60628
[天之套装]
0|60701|60702|60703|60704|60705|60706|60707|60708|60709|60710|60711|60712|60713|60714|60715|60716|60717|60718|60719|60720|60721|60722|60723|60724|60725|60726|60727|60728
[风暴套装]
0|61401|61402|61403|61404|61405|61406|61407|61408|61409|61410
[九耀套装]
0|61501|61502|61503|61504|61505|61506|61507|61508|61509|61510
[湮灭套装]
0|61601|61602|61603|61604|61605|61606|61607|61608|61609|61610
[混元套装]
0|61701|61702|61703|61704|61705|61706|61707|61708|61709|61710
[审判套装]
0|61801|61802|61803|61804|61805|61806|61807|61808|61809|61810
[逐月套装]
0|61901|61902|61903|61904|61905|61906|61907|61908|61909|61910
[大地套装]
0|11799|11800|11801|11802|11803|11804|11805|11806|11807|11808
[主宰套装]
0|11810|11811|11812|11813|11814|11815|11816|11817|11818|11819
[太虚套装]
0|62001|62002|62003|62004|62005|62006|62007|62008|62009|62010
[龙吟套装]
0|62101|62102|62103|62104|62105|62106|62107|62108|62109|62110
[荣耀套装]
0|60901|60902|60903|60904|60905|60906|60907|60908|60909|60910
[永恒套装]
0|61001|61002|61003|61004|61005|61006|61007|61008|61009|61010
[龙腾套装]
0|61101|61102|61103|61104|61105|61106|61107|61108|61109|61128
[盛世套装]
0|61201|61202|61203|61204|61205|61206|61207|61208|61209|61210
[辉煌套装]
0|61301|61302|61303|61304|61305|61306|61307|61308|61309|61310
[火龙套装]
0|62501|62502|62503|62504|62505|62506|62507|62508|62509|62510
[终极附件]
0|30091|31091|32091|33092
[特戒装备]
0|50290|50301|50312
[主令装备]
0|50374|50395|50416|50437|50458|50479|50500|50521|50542|50563|50584|50605
[辅令装备]
0|50384|50405|50426|50447|50468|50489|50510|50531|50552|50573|50594|50615
[战士技能]
0|20014|20023|20031|20036|20037|20042|20046|20047|40197|40193
[法师技能]
0|20012|20016|20017|20022|20025|20028|20030|20033|20038|20039|20040|20044|20052|20053
[道士技能]
0|20013|20015|20018|20021|20026|20029|20032|20035|20048|20049|20050|20051|44067|40195|44068
[战士铭文]
0|40129|40183|40184|40130|40131|40132|40133|40185|40134|40135|40138|40136|40137|40138
[法师铭文]
0|40145|40148|40187|40149|40150|40151|40152|40153|40154|40155|40186|40146|40147|40188
[道士铭文]
0|40160|40164|40165|40167|40168|40169|40170|40171|40173|40174|40175|40189|40190|40191
[大地套装]
0|11799|11800|11801|11802|11803|11804|11805|11806|11807|11808
[主宰套装]
0|11810|11811|11812|11813|11814|11815|11816|11817|11818|11819
[尸魔洞]
0|60501|60502|60510|60511|60519|60520|40827|40637|40005|5|40109|40227
[骷髅洞]
0|60501|60502|60510|60511|60519|60520|40827|40637|40005|5|40109|40227
[矿洞]
0|60501|60502|60510|60511|60519|60520|40827|40637|40005|5|40109|40227
[死亡棺材]
0|60601|60602|60610|60611|60619|60620|40827|40637|40005|5|40109|40227
[蜈蚣洞]
0|60601|60602|60610|60611|60619|60620|40827|40637|40005|5|40109|40227
[沃玛寺院]
0|60601|60602|60610|60611|60619|60620|40827|40637|40005|5|40109|40227
[雷霆之路]
0|60701|60702|60710|60711|60719|60720|40827|40637|40005|5|40109|40227
[恶魔广场]
0|60701|60702|60710|60711|60719|60720|40827|40637|40005|5|40109|40227
[祖玛寺庙]
0|60701|60702|60710|60711|60719|60720|40827|40637|40005|5|40109|40227
[混乱殿堂]
0|61801|61802|61807|61808|61809|61810|40827|40637|40005|5|40109|40227
[赤月峡谷]
0|61801|61802|61807|61808|61809|61810|40827|40637|40005|5|40109|40227
[牛魔寺院]
0|61901|61902|61907|61908|61909|91910|40827|40637|40005|5|40109|40227
[无间地狱]
0|61901|61902|61907|61908|61909|91910|40827|40637|40005|5|40109|40227
[牛魔祭坛]
0|62101|62102|62110|11799|11800|11808|40827|40637|40005|5|40109|40227
[雷炎洞穴]
0|62101|62102|62110|11810|11811|11819|40827|40637|40005|5|40109|40227
[魔龙之渊]
0|62101|62102|62110|11810|11811|11819|40827|40637|40005|5|40109|40227
[狐月岛]
0|62101|62102|62110|62001|62002|62010|40827|40637|40005|5|40109|40227
[火龙洞]
0|62101|62102|62110|62001|62002|62010|40827|40637|40005|5|40109|40227
[恶龙神域]
0|62101|62102|62110|62001|62002|62010|40827|40637|40005|5|40109|40227
[狐月庄]
0|62101|62102|62110|62001|62002|62010|40827|40637|40005|5|40109|40227
[狐仙岛]
0|63001|63002|63010|62101|62102|62110|40827|40637|40005|5|40109|40227
[火龙殿]
0|63001|63002|63010|62101|62102|62110|40827|40637|40005|5|40109|40227
[BOSS之家]
0|63001|63002|63010|62101|62102|62110|40827|40637|40005|5|40109|40227
[龙族领地]
0|63001|63002|63010|62101|62102|62110|40827|40637|40005|5|40109|40227
[尸魔洞]
80|[领主]尸魔王|300
[骷髅洞]
82|[领主]骷髅王|301
[矿洞]
84|[领主]矿洞主宰|302
[死亡棺材]
86|[领主]双头血魔|303|[领主]血巨人|304
[蜈蚣洞]
88|[领主]蜈蚣王|305
[沃玛寺院]
90|[领主]沃玛教主|306
[雷霆之路]
92|[领主]雷霆守护者|307|[会员]领主・雷霆守护者|375
[恶魔广场]
94|[领主]恶魔霸主|308|[会员]领主・恶魔霸主|376
[祖玛寺庙]
96|[领主]祖玛教主|309|[会员]领主・祖玛教主|377
[混乱殿堂]
98|混乱主宰・阿修罗|310|[会员]领主・阿修罗|378
[赤月峡谷]
100|赤月之心・首领|311|[会员]赤月之心・首领|379
[牛魔寺院]
102|[领主]牛魔王|312|[会员]领主・牛魔王|380
[无间地狱]
104|地狱勾魂使・魄|317|地狱勾魂使・噬|318|地狱主宰・遗忘者|319|[会员]地狱勾魂使・魄|381|[会员]地狱勾魂使・噬|382|[会员]地狱主宰・遗忘者|383
[牛魔祭坛]
106|牛魔领主・冰霜|320|牛魔领主・惊雷|321|牛魔领主・暴风|322|牛魔领主・虚空|323|牛魔领主・赤炎|324|[会员]牛魔领主・冰霜|384|[会员]牛魔领主・惊雷|385|[会员]牛魔领主・暴风|386|[会员]牛魔领主・虚空|387|[会员]牛魔领主・赤炎|388
[雷炎洞穴]
108|雷炎领主・冰霜|325|雷炎领主・惊雷|326|雷炎领主・暴风|327|雷炎领主・虚空|328|雷炎领主・赤炎|329|[会员]雷炎领主・冰霜|389|[会员]雷炎领主・惊雷|390|[会员]雷炎领主・暴风|391|[会员]雷炎领主・虚空|392|[会员]雷炎领主・赤炎|393
[魔龙之渊]
110|魔龙领主・冰霜|330|魔龙领主・惊雷|331|魔龙领主・暴风|332|魔龙领主・虚空|333|魔龙领主・赤炎|334|[会员]魔龙领主・冰霜|394|[会员]魔龙领主・惊雷|395|[会员]魔龙领主・暴风|396|[会员]魔龙领主・虚空|397|[会员]魔龙领主・赤炎|398
[狐月岛]
112|[领主]狐妖|335|[会员]领主・狐妖|399
[火龙洞]
114|火龙领主・冰霜|336|火龙领主・惊雷|337|火龙领主・暴风|338|火龙领主・虚空|339|火龙领主・赤炎|340|火龙领主・龙主|341|[会员]火龙领主・冰霜|313|[会员]火龙领主・惊雷|314|[会员]火龙领主・暴风|315|[会员]火龙领主・虚空|316|[会员]火龙领主・赤炎|110|[会员]火龙领主・龙主|111
[恶龙神域]
116|[领主]恶龙守卫|342|[领主]恶龙使者|343|[领主]恶龙统领|344|[领主]恶龙神卫|345|[领主]恶龙暴君|346|[领主]恶龙教主|347|[领主]恶龙主宰|348|[会员]领主・恶龙守卫|112|[会员]领主・恶龙使者|113|[会员]领主・恶龙统领|114|[会员]领主・恶龙神卫|115|[会员]领主・恶龙暴君|116|[会员]领主・恶龙教主|117|[会员]领主・恶龙主宰|118
[狐月庄]
118|[领主]狐王|349|[会员]领主・狐王|119
[狐仙岛]
120|[领主]狐仙|350|[会员]领主・狐仙|120
[火龙殿]
122|[领主]火龙神|351|[会员]领主・火龙神|121
[BOSS之家]
124|[赞助]骷髅王|352|[赞助]恶魔霸主|353|[赞助]矿洞主宰|354|[赞助]暗之祖玛教主|355|[赞助]暗之魔龙教主|356|[赞助]暗之牛魔王|357|[赞助]尸魔王|358|[赞助]暗之血巨人|359|[赞助]暗之双头血魔|360|[赞助]地狱主宰・遗忘者|361|[赞助]地狱勾魂使・魄|362|[赞助]地狱勾魂使・噬|363|[赞助]混乱主宰・阿修罗|364
[龙族领地]
126|[狂暴]骷髅王|370|[狂暴]矿洞主宰|365|[狂暴]暗之魔龙教主|373|[狂暴]暗之牛魔王|374|[狂暴]尸魔王|371|[狂暴]暗之血巨人|367|[狂暴]暗之双头血魔|366|[狂暴]地狱主宰・遗忘者|369|[狂暴]地狱勾魂使・魄|368|[狂暴]地狱勾魂使・噬|372
[八品地图]
108|[骑士]领主・骑士长|122
[七品地图]
110|[前锋]主宰・阿修罗|123
[五品地图]
112|[佐领]领主・战将|124
[三品地图]
114|[大将]领主・冰霜|125|[大将]领主・惊雷|126|[大将]领主・暴风|127|[大将]领主・虚空|128|[大将]领主・赤炎|129
[一品地图]
116|[统帅]领主・冰霜|130|[统帅]领主・惊雷|131|[统帅]领主・暴风|132|[统帅]领主・虚空|133|[统帅]领主・赤炎|134
[大都督]
118|[都督]领主・冰霜|135|[都督]领主・惊雷|136|[都督]领主・暴风|137|[都督]领主・虚空|138|[都督]领主・赤炎|139|[都督]领主・龙主|140
[冠绝一世]
120|[冠绝]领主・守卫|141|[冠绝]领主・使者|142|[冠绝]领主・统领|143|[冠绝]领主・神卫|144|[冠绝]领主・暴君|145|[冠绝]领主・教主|146|[冠绝]领主・主宰|147
[逐鹿群雄]
122|[逐鹿]领主・狐仙|148
[雄霸天下]
124|[雄霸]领主・龙神|149
[炼体一阶]
108|[领主]牛魔王|150
[炼体二阶]
110|地狱勾魂使・魄|151|地狱勾魂使・噬|152|地狱主宰・遗忘者|153
[炼体三阶]
112|牛魔领主・冰霜|154|牛魔领主・惊雷|155|牛魔领主・暴风|156|牛魔领主・虚空|157|牛魔领主・赤炎|158
[炼体四阶]
114|魔龙领主・冰霜|159|魔龙领主・惊雷|160|魔龙领主・暴风|161|魔龙领主・虚空|162|魔龙领主・赤炎|163
[炼体五阶]
116|火龙领主・冰霜|164|火龙领主・惊雷|165|火龙领主・暴风|166|火龙领主・虚空|167|火龙领主・赤炎|168|火龙领主・龙主|169
[炼体六阶]
118|[领主]恶龙守卫|170|[领主]恶龙使者|171|[领主]恶龙统领|172|[领主]恶龙神卫|173|[领主]恶龙暴君|174|[领主]恶龙教主|175|[领主]恶龙主宰|176
[炼体七阶]
120|[领主]狐仙|177
[炼体八阶]
122|[领主]火龙神|178
[元神一层]
108|[领主]牛魔王|179
[元神二层]
110|地狱勾魂使・魄|180|地狱勾魂使・噬|181|地狱主宰・遗忘者|182
[元神三层]
112|牛魔领主・冰霜|183|牛魔领主・惊雷|184|牛魔领主・暴风|185|牛魔领主・虚空|186|牛魔领主・赤炎|187
[元神四层]
114|魔龙领主・冰霜|188|魔龙领主・惊雷|189|魔龙领主・暴风|190|魔龙领主・虚空|191|魔龙领主・赤炎|192
[元神五层]
116|火龙领主・冰霜|193|火龙领主・惊雷|194|火龙领主・暴风|195|火龙领主・虚空|196|火龙领主・赤炎|197|火龙领主・龙主|198
[元神六层]
118|[领主]恶龙守卫|199|[领主]恶龙使者|400|[领主]恶龙统领|401|[领主]恶龙神卫|402|[领主]恶龙暴君|403|[领主]恶龙教主|404|[领主]恶龙主宰|405
[元神七层]
120|[领主]狐仙|406
[元神八层]
122|[领主]火龙神|407
[11转地图]
278|[领主]鬼・魔王|408
[13转地图]
278|[领主]狂・魔王|409
[15转地图]
278|[领主]神・魔王|429
[17转地图]
278|[领主]独孤求败・魔王|430
[19转地图]
278|[领主]斩尽杀绝・鬼王|431|[领主]斩尽杀绝・妖王|432
[200级地图]
278|[领主]鬼・天尊|433
[220级地图]
278|[领主]狂・天尊|434
[240级地图]
278|[领主]神・天尊|435
[260级地图]
278|[领主]独孤求败・天尊|436
[280级地图]
278|[领主]斩尽杀绝・天尊|437
[300级地图]
278|[领主]唯我独尊・天尊|438
[VIP11地图]
278|[VIP]领主・魔・魔王|420
[VIP12地图]
278|[VIP]领主・怒・魔王|421
[VIP13地图]
278|[VIP]领主・扭转乾坤・魔王|422|[VIP]领主・扭转乾坤・鬼王|423
[VIP14地图]
278|[VIP]领主・鬼哭神啸・魔王|424|[VIP]领主・鬼哭神啸・鬼王|425
[VIP15地图]
278|[VIP]领主・唯我独尊・魔王|426|[VIP]领主・唯我独尊・鬼王|427|[VIP]领主・唯我独尊・妖王|428
[鬼の血光摄魂]
0|63001|63002|63003|63004|63005|63006|63007|63008|63009|63010
[魔の嗜血狂杀]
0|63101|63102|63103|63104|63105|63106|63107|63108|63109|63110
[狂の纵横天下]
0|63201|63202|63203|63204|63205|63206|63207|63208|63209|63210
[怒の战无不胜]
0|63301|63302|63303|63304|63305|63306|63307|63308|63309|63310
[神の永恒霸主]
0|63401|63402|63403|63404|63405|63406|63407|63408|63409|63410
[扭转乾坤I绝杀]
0|63501|63502|63503|63504|63505|63506|63507|63508|63509|63510
[独孤求败I弑神]
0|63601|63602|63603|63604|63605|63606|63607|63608|63609|63610
[鬼嚎神啸I无敌]
0|63701|63702|63703|63704|63705|63706|63707|63708|63709|63710
[斩尽杀绝I帝陨]
0|63901|63902|63903|63904|63905|63906|63907|63908|63909|63910
[无极I唯我独尊]
0|64001|64002|64003|64004|64005|64006|64007|64008|64009|64010
[三大陆掉落]
0|40972|40973|40974|40975|40976|40958|40648|40638|40637|40005|40050|40051
