[福利大厅配置]
[在线奖励]
10分钟|40558|1|40088|99
30分钟|40826|5|40079|3
1小时|40102|10|40826|10
2小时|40727|1|40220|20
[周在线奖励]
周|40079|5|40751|1|40751|2|40224|3|40005|3|40726|1
[签到奖励]
单月|40560|1|40079|1|40102|20|40079|1|40220|30|40079|1|40827|20|40826|50|40079|2|40001|30|40079|2|40002|30|40079|2|40224|10|40003|30|40079|3|40004|30|40079|3|40005|3|40079|3|40827|40|40102|30|40079|4|40220|50|40079|4|40827|50|40079|4|40826|80|40102|30|40079|5|40826|50
[累计签到奖励]
2天|40079|1|40220|30|40001|30|40002|30|40100|1
5天|40079|2|40826|30|40001|50|40727|1|40100|1
12天|40079|3|40826|50|40002|50|40727|1|40100|2
20天|40079|4|40826|80|40220|50|40100|2|40005|1
28天|40079|5|40220|80|40100|2|40005|1|40726|1
[尊享有礼]
10|40847|1|40079|2
60|40848|1|40079|8
2|40846|1|40079|10
3|40847|1|40079|10
4|40847|1|40079|10
5|40847|1|40079|10
6|40847|1|40079|10
7|40847|1|40079|10
9|40847|1|40079|10
11|40847|1|40079|10
14|40847|1|40079|10
17|40848|1|40079|10
20|40848|1|40079|10
23|40848|1|40079|10
26|40848|1|40079|10
30|40848|1|40079|10
35|40848|1|40079|10
40|40849|1|40079|10
45|40849|1|40079|10
50|40849|1|40079|10
55|40849|1|40079|10
60|40849|1|40079|10
70|40849|1|40079|10
80|40849|1|40079|10
90|40849|1|40079|10
100|40850|1|40079|10
120|40850|1|40079|10
140|40850|1|40079|10
160|40850|1|40079|10
180|40850|1|40079|10
200|40850|1|40079|10
240|40850|1|40079|10
260|40850|1|40079|10
280|40850|1|40079|10
300|40850|1|40079|10
