bag10000000001685672373000002559
[0,0,0,0,0,0,0,0,0,0,0,0,0,0,0,0,0,0,0,0,0,0,0,0,0,0,0,0,0,0,0,0,0,0,0,0,0,0,0,0]
bag10000000001685676286000003970
[0,0,0,0,0,0,0,0,0,0,0,0,0,0,0,0,0,0,0,0,0,0,0,0,0,0,0,0,0,0,0,0,0,0,0,0,0,0,0,0]
bag10000000001685683895000004703
[0,0,0,0,0,0,0,0,0,0,0,0,0,0,0,0,0,0,0,0,0,0,0,0,0,0,0,0,0,0,0,0,0,0,0,0,0,0,0,0]
bag10000000001685684114000005760
[10608,10610,10611,0,10613,0,0,0,0,0,0,0,0,0,0,0,0,0,0,0,0,0,0,0,0,0,0,0,0,0,0,0,0,0,0,0,0,0,0,0]
bag10000000001685689363000006943
[0,0,0,0,0,0,0,0,0,0,0,0,0,0,0,0,0,0,0,0,0,0,0,0,0,0,0,0,0,0,0,0,0,0,0,0,0,0,0,0]
bag10000000001685689692000001245
[0,0,0,0,0,0,0,0,0,0,0,0,0,0,0,0,0,0,0,0,0,0,0,0,0,0,0,0,0,0,0,0,0,0,0,0,0,0,0,0]
bag10000000001685691839000002430
[0,0,0,0,0,0,0,0,0,0,0,0,0,0,0,0,0,0,0,0,0,0,0,0,0,0,0,0,0,0,0,0,0,0,0,0,0,0,0,0]
bag10000000001685695769000003064
[11053,13817,11012,13825,13840,15048,13820,13999,13822,15435,10997,13831,15249,13823,13819,13813,13989,11009,13816,14949,14947,14002,11338,15059,15012,11303,15620,15640,15749,15755,15761,15762,15669,15675,15767,15773,15771,15780,15778,15784]
bag10000000001687248476000004737
[16065,16276,16009,16287,15986,16010,16285,15927,16284,17625,15869,15973,17702,15980,15967,16234,17628,17636,17640,17648,17647,17651,17654,17660,17661,17665,17670,17675,17679,17693,17701,0,0,0,0,0,0,0,0,0]
bag10000000001687318356000006159
[21182,22401,21181,22476,22315,21220,22523,22520,21166,21169,21219,19177,19107,19149,21300,21790,21614,21779,21874,22355,22710,22702,22326,22594,22339,22599,22671,22672,22677,22658,22630,22684,22636,22716,22568,22647,22576,22651,22691,22711]
bag10000000001687663576000008447
[22992,0,0,0,0,0,0,0,0,0,0,0,0,0,0,0,0,0,0,0,0,0,0,0,0,0,0,0,0,0,0,0,0,0,0,0,0,0,0,0]
bag10000000001687663978000009077
[23023,23024,23025,23026,23027,23028,23029,23030,23031,23032,23033,0,0,0,0,0,0,0,0,0,0,0,0,0,0,0,0,0,0,0,0,0,0,0,0,0,0,0,0,0]
quickUse10000000001685684114000005760
[10609,0,0,0,0,0]
quickUse10000000001685695769000003064
[10572,10996,13810,13930,15236,0]
quickUse10000000001687248476000004737
[15853,15865,15866,15874,15910,15926]
quickUse10000000001687318356000006159
[19104,19109,21163,21175,22388,19103]
quickUse10000000001687663576000008447
[22994,23006,23007,0,0,0]
quickUse10000000001687663978000009077
[23022,23034,23035,0,0,0]
